BRIGHT_WHITE_LIGHT = 0 0 0 1 1 1 10 0

BLUE_Z = 0.482 0.709 0.843 0 0 0 0 0
PINK_Z = 0.986 0.00784 0.5529 0 0 0 0 0
GREEN_Z = 0.6627 0.8313 0.709 0 0 0 0 0

BLUE_L = 0.482 0.709 0.843 0 0 0 0 0.35
PINK_L = 0.986 0.00784 0.5529 0 0 0 0 0.35
GREEN_L = 0.6627 0.8313 0.709 0 0 0 0 0.35

BLUE_H = 0.482 0.709 0.843 0 0 0 0 0.65
PINK_H = 0.986 0.00784 0.5529 0 0 0 0 0.65
GREEN_H = 0.6627 0.8313 0.709 0 0 0 0 0.65

BLUE_SH = 0 0 0 0.282 0.509 0.943 3 0 
PINK_SH = 0 0 0 0.986 0.00784 0.5529 6 0
GREEN_SH = 0 0 0 0.6627 0.8313 0.709 6 0

WHITE = 0.92 0.92 0.92 0 0 0 0 0
